-0.145
-0.145
-0.145
-0.145
-0.145
-0.145
-0.145
-0.145
-0.145
-0.145
-0.136667
-0.12
-0.13
-0.138333
-0.145
-0.148333
-0.155
-0.158333
-0.155
-0.158333
-0.165
-0.175
-0.18
-0.183333
-0.18
-0.17
-0.16
-0.161667
-0.175
-0.18
-0.186667
-0.186667
-0.18
-0.163333
-0.145
-0.141667
-0.155
-0.178333
-0.195
-0.205
-0.225
-0.23
-0.231667
-0.245
-0.248333
-0.253333
-0.26
-0.275
-0.275
-0.275
-0.275
-0.268333
-0.261667
-0.255
-0.265
-0.271667
-0.28
-0.29
-0.29
-0.29
-0.29
-0.29
-0.286667
-0.288333
-0.295
-0.301667
-0.295
-0.281667
-0.275
-0.275
-0.276667
-0.28
-0.285
-0.298333
-0.3
-0.29
-0.296667
-0.293333
-0.28
-0.29
-0.296667
-0.305
-0.315
-0.318333
-0.3275
-0.343333
-0.36
-0.376667
-0.385
-0.385
-0.398333
-0.43
-0.465
-0.485
-0.485
-0.465
-0.425
-0.33
-0.256667
-0.17
-0.07
0.0566667
0.205
0.375
0.62
0.726667
0.8
0.84
0.79
0.6425
0.403333
0.17
-0.0533333
-0.231667
-0.365
-0.411667
-0.43
-0.406667
-0.37
-0.343333
-0.328333
-0.325
-0.335
-0.341667
-0.34
-0.33
-0.326667
-0.321667
-0.315
-0.31
-0.316667
-0.325
-0.335
-0.338333
-0.3325
-0.331667
-0.345
-0.338333
-0.333333
-0.33
-0.333333
-0.3325
-0.328333
-0.325
-0.328333
-0.33
-0.33
-0.345
-0.351667
-0.348333
-0.335
-0.328333
-0.318333
-0.305
-0.32
-0.32
-0.323333
-0.33
-0.336667
-0.3375
-0.336667
-0.34
-0.343333
-0.348333
-0.355
-0.355
-0.3475
-0.336667
-0.33
-0.33
-0.33
-0.33
-0.34
-0.346667
-0.341667
-0.325
-0.325
-0.326667
-0.33
-0.33
-0.333333
-0.335
-0.335
-0.338333
-0.335
-0.333333
-0.34
-0.346667
-0.351667
-0.355
-0.351667
-0.3475
-0.34
-0.33
-0.323333
-0.325
-0.335
-0.33
-0.34
-0.34
-0.33
-0.333333
-0.335
-0.335
-0.345
-0.345
-0.348333
-0.355
-0.345
-0.34
-0.338333
-0.335
-0.331667
-0.336667
-0.35
-0.35
-0.3475
-0.341667
-0.335
-0.335
-0.335
-0.335
-0.35
-0.353333
-0.355
-0.355
-0.348333
-0.345
-0.345
-0.335
-0.345
-0.353333
-0.36
-0.36
-0.36
-0.361667
-0.365
-0.361667
-0.363333
-0.37
-0.38
-0.3775
-0.366667
-0.36
-0.356667
-0.356667
-0.36
-0.375
-0.375
-0.371667
-0.365
-0.365
-0.363333
-0.36
-0.36
-0.363333
-0.366667
-0.37
-0.36
-0.3425
-0.328333
-0.325
-0.325
-0.328333
-0.335
-0.338333
-0.3275
-0.31
-0.3
-0.3
-0.296667
-0.29
-0.295
-0.291667
-0.288333
-0.285
-0.278333
-0.268333
-0.255
-0.25
-0.25
-0.255
-0.265
-0.258333
-0.25
-0.24
-0.23
-0.24
-0.245
-0.245
-0.251667
-0.255
-0.25
-0.24
-0.246667
-0.251667
-0.255
-0.245
-0.251667
-0.253333
-0.25
-0.25
-0.255
-0.265
-0.26
-0.26
-0.261667
-0.265
-0.268333
-0.2675
-0.263333
-0.26
-0.27
-0.276667
-0.28
-0.286667
-0.2825
-0.273333
-0.27
-0.263333
-0.266667
-0.28
-0.28
-0.283333
-0.281667
-0.275
-0.275
-0.271667
-0.265
-0.27
-0.28
-0.286667
-0.29
-0.283333
-0.2775
-0.278333
-0.285
-0.281667
-0.286667
-0.3
-0.3
-0.3025
-0.301667
-0.295
-0.298333
-0.303333
-0.31
-0.31
-0.306667
-0.301667
-0.295
-0.288333
-0.285
-0.285
-0.29
-0.293333
-0.3
-0.31
-0.296667
-0.2925
-0.296667
-0.3
-0.303333
-0.306667
-0.31
-0.32
-0.3175
-0.306667
-0.3
-0.293333
-0.296667
-0.31
-0.325
-0.328333
-0.325
-0.315
-0.305
-0.301667
-0.305
-0.31
-0.316667
-0.323333
-0.33
-0.326667
-0.32
-0.313333
-0.31
-0.306667
-0.305
-0.305
-0.308333
-0.305
-0.301667
-0.305
-0.295
-0.293333
-0.3
-0.3
-0.303333
-0.305
-0.305
-0.295
-0.286667
-0.28
-0.295
-0.301667
-0.308333
-0.315
-0.308333
-0.3
-0.293333
-0.29
-0.283333
-0.276667
-0.27
-0.273333
-0.275
-0.273333
-0.27
-0.256667
-0.25
-0.25
-0.255
-0.235
-0.223333
-0.22
-0.21
-0.203333
-0.2
-0.205
-0.211667
-0.22
-0.23
-0.223333
-0.2225
-0.225
-0.225
-0.225
-0.226667
-0.23
-0.233333
-0.2375
-0.238333
-0.235
-0.225
-0.216667
-0.21
-0.205
-0.231667
-0.258333
-0.285
-0.285
-0.29
-0.3
-0.31
-0.323333
-0.33
-0.33
-0.326667
-0.32
-0.316667
-0.32
-0.316667
-0.318333
-0.325
-0.335
-0.3425
-0.343333
-0.34
-0.34
-0.343333
-0.35
-0.345
-0.351667
-0.346667
-0.33
-0.333333
-0.333333
-0.33
-0.32
-0.336667
-0.348333
-0.355
-0.345
-0.335
-0.328333
-0.325
-0.328333
-0.336667
-0.35
-0.36
-0.3625
-0.366667
-0.38
-0.41
-0.431667
-0.445
-0.475
-0.498333
-0.518333
-0.535
-0.515
-0.475
-0.415
-0.3
-0.206667
-0.111667
-0.015
0.151667
0.3625
0.566667
0.72
0.823333
0.896667
0.94
0.916667
0.83
0.666667
0.49
0.273333
0.0733333
-0.11
-0.27
-0.35
-0.41
-0.45
-0.466667
-0.468333
-0.455
-0.425
-0.401667
-0.39
-0.39
-0.386667
-0.3875
-0.386667
-0.38
-0.38
-0.38
-0.38
-0.39
-0.39
-0.385
-0.385
-0.385
-0.381667
-0.375
-0.395
-0.405
-0.41
-0.41
-0.403333
-0.398333
-0.395
-0.39
-0.4
-0.401667
-0.395
-0.388333
-0.38
-0.38
-0.39
-0.39
-0.395
-0.405
-0.408333
-0.41
-0.403333
-0.39
-0.39
-0.391667
-0.395
-0.405
-0.411667
-0.41
-0.4
-0.406667
-0.408333
-0.405
-0.41
-0.413333
-0.413333
-0.41
-0.403333
-0.4
-0.398333
-0.395
-0.391667
-0.395
-0.405
-0.408333
-0.4
-0.39
-0.39
-0.386667
-0.385
-0.385
-0.41
-0.406667
-0.401667
-0.395
-0.391667
-0.385
-0.375
-0.39
-0.393333
-0.4
-0.41
-0.403333
-0.395
-0.39
-0.39
-0.386667
-0.391667
-0.405
-0.411667
-0.415
-0.41
-0.4
-0.396667
-0.398333
-0.405
-0.415
-0.418333
-0.42
-0.42
-0.413333
-0.411667
-0.415
-0.425
-0.421667
-0.425
-0.435
-0.431667
-0.43
-0.426667
-0.42
-0.426667
-0.436667
-0.45
-0.453333
-0.4525
-0.445
-0.435
-0.441667
-0.446667
-0.45
-0.455
-0.465
-0.466667
-0.46
-0.456667
-0.453333
-0.45
-0.455
-0.465
-0.471667
-0.475
-0.465
-0.455
-0.448333
-0.445
-0.441667
-0.438333
-0.435
-0.438333
-0.425
-0.405
-0.395
-0.378333
-0.368333
-0.365
-0.36
-0.363333
-0.356667
-0.34
-0.33
-0.321667
-0.315
-0.32
-0.326667
-0.33
-0.33
-0.323333
-0.315
-0.306667
-0.3
-0.3
-0.306667
-0.32
-0.32
-0.3175
-0.311667
-0.305
-0.305
-0.301667
-0.295
-0.32
-0.326667
-0.321667
-0.305
-0.308333
-0.306667
-0.3
-0.3
-0.313333
-0.321667
-0.325
-0.315
-0.3075
-0.308333
-0.315
-0.308333
-0.308333
-0.315
-0.315
-0.3125
-0.305
-0.295
-0.291667
-0.295
-0.305
-0.31
-0.316667
-0.318333
-0.315
-0.305
-0.305
-0.315
-0.315
-0.315
-0.32
-0.33
-0.32
-0.3175
-0.318333
-0.315
-0.321667
-0.328333
-0.335
-0.338333
-0.3375
-0.335
-0.335
-0.331667
-0.328333
-0.325
-0.345
-0.348333
-0.348333
-0.345
-0.338333
-0.333333
-0.33
-0.33
-0.34
-0.345
-0.345
-0.345
-0.3325
-0.323333
-0.33
-0.333333
-0.336667
-0.34
-0.35
-0.345
-0.333333
-0.33
-0.33
-0.331667
-0.335
-0.355
-0.358333
-0.358333
-0.355
-0.351667
-0.346667
-0.34
-0.345
-0.345
-0.345
-0.345
-0.345
-0.3375
-0.33
-0.33
-0.333333
-0.338333
-0.345
-0.348333
-0.35
-0.346667
-0.34
-0.333333
-0.335
-0.345
-0.345
-0.351667
-0.353333
-0.35
-0.343333
-0.336667
-0.33
-0.34
-0.34
-0.34
-0.34
-0.333333
-0.3325
-0.333333
-0.33
-0.333333
-0.338333
-0.345
-0.345
-0.3425
-0.336667
-0.33
-0.32
-0.308333
-0.295
-0.3
-0.296667
-0.291667
-0.285
-0.278333
-0.271667
-0.265
-0.265
-0.265
-0.261667
-0.255
-0.251667
-0.245
-0.235
-0.225
-0.218333
-0.223333
-0.24
-0.243333
-0.2425
-0.241667
-0.245
-0.238333
-0.238333
-0.245
-0.25
-0.266667
-0.275
-0.275
-0.268333
-0.26
-0.25
-0.225
-0.221667
-0.223333
-0.23
-0.253333
-0.2675
-0.273333
-0.28
-0.283333
-0.291667
-0.305
-0.315
-0.33
-0.336667
-0.33
-0.333333
-0.335
-0.335
-0.355
-0.365
-0.366667
-0.36
-0.35
-0.346667
-0.35
-0.355
-0.361667
-0.368333
-0.375
-0.378333
-0.375
-0.368333
-0.365
-0.365
-0.37
-0.38
-0.383333
-0.3825
-0.378333
-0.375
-0.361667
-0.36
-0.37
-0.39
-0.4
-0.406667
-0.41
-0.426667
-0.445
-0.465
-0.49
-0.51
-0.531667
-0.555
-0.565
-0.5475
-0.485
-0.405
-0.301667
-0.196667
-0.09
0.05
0.265
0.503333
0.69
0.82
0.91
0.96
0.85
0.63
0.363333
0.05
-0.196667
-0.38
-0.5
-0.505
-0.465
-0.435
-0.415
-0.401667
-0.3925
-0.391667
-0.395
-0.391667
-0.391667
-0.395
-0.401667
-0.4
-0.398333
-0.405
-0.395
-0.391667
-0.395
-0.395
-0.405
-0.408333
-0.405
-0.401667
-0.4
-0.4
-0.415
-0.408333
-0.41
-0.42
-0.416667
-0.41
-0.405
-0.405
-0.415
-0.42
-0.42
-0.43
-0.4275
-0.416667
-0.41
-0.41
-0.408333
-0.405
-0.425
-0.428333
-0.426667
-0.42
-0.416667
-0.413333
-0.41
-0.41
-0.42
-0.423333
-0.42
-0.406667
-0.3975
-0.396667
-0.4
-0.4
-0.398333
-0.395
-0.408333
-0.41
-0.4
-0.39
-0.396667
-0.4
-0.4
-0.415
-0.421667
-0.425
-0.425
-0.418333
-0.415
-0.415
-0.41
-0.42
-0.425
-0.425
-0.421667
-0.4175
-0.41
-0.4
-0.4
-0.403333
-0.41
-0.42
-0.4175
-0.408333
-0.405
-0.398333
-0.396667
-0.4
-0.4
-0.403333
-0.398333
-0.385
-0.395
-0.396667
-0.39
-0.39
-0.396667
-0.405
-0.415
-0.408333
-0.405
-0.406667
-0.41
-0.413333
-0.416667
-0.42
-0.42
-0.4225
-0.421667
-0.415
-0.415
-0.413333
-0.41
-0.435
-0.431667
-0.431667
-0.435
-0.425
-0.42
-0.42
-0.42
-0.42
-0.421667
-0.425
-0.425
-0.42
-0.408333
-0.395
-0.395
-0.393333
-0.39
-0.38
-0.3675
-0.353333
-0.34
-0.336667
-0.333333
-0.33
-0.335
-0.335
-0.331667
-0.325
-0.321667
-0.315
-0.305
-0.305
-0.311667
-0.313333
-0.31
-0.306667
-0.3025
-0.3
-0.3
-0.3
-0.303333
-0.31
-0.31
-0.31
-0.311667
-0.315
-0.305
-0.301667
-0.305
-0.315
-0.318333
-0.321667
-0.325
-0.315
-0.308333
-0.305
-0.305
-0.315
-0.321667
-0.325
-0.311667
-0.3075
-0.305
-0.295
-0.305
-0.315
-0.325
-0.328333
-0.325
-0.32
-0.32
-0.32
-0.321667
-0.325
-0.35
-0.35
-0.346667
-0.34
-0.336667
-0.333333
-0.33
-0.335
-0.338333
-0.346667
-0.36
-0.353333
-0.35
-0.351667
-0.355
-0.358333
-0.358333
-0.355
-0.361667
-0.36
-0.353333
-0.35
-0.343333
-0.345
-0.355
-0.35
-0.36
-0.365
-0.365
-0.355
-0.351667
-0.355
-0.35
-0.363333
-0.373333
-0.38
-0.373333
-0.365
-0.361667
-0.365
-0.361667
-0.361667
-0.365
-0.375
-0.375
-0.368333
-0.365
-0.355
-0.35
-0.35
-0.35
-0.363333
-0.368333
-0.365
-0.351667
-0.345
-0.345
-0.34
-0.35
-0.358333
-0.365
-0.361667
-0.3575
-0.355
-0.355
-0.355
-0.361667
-0.375
-0.381667
-0.37
-0.356667
-0.36
-0.356667
-0.356667
-0.36
-0.36
-0.366667
-0.366667
-0.36
-0.35
-0.348333
-0.355
-0.345
-0.345
-0.345
-0.345
-0.341667
-0.325
-0.308333
-0.305
-0.305
-0.306667
-0.31
-0.306667
-0.2975
-0.288333
-0.285
-0.278333
-0.276667
-0.28
-0.28
-0.276667
-0.271667
-0.265
-0.258333
-0.251667
-0.245
-0.26
-0.263333
-0.268333
-0.275
-0.278333
-0.2725
-0.266667
-0.27
-0.273333
-0.276667
-0.28
-0.276667
-0.2775
-0.278333
-0.275
-0.268333
-0.261667
-0.255
-0.24
-0.253333
-0.266667
-0.28
-0.3
-0.31
-0.31
-0.345
-0.355
-0.366667
-0.38
-0.383333
-0.3825
-0.376667
-0.37
-0.373333
-0.378333
-0.385
-0.388333
-0.3925
-0.391667
-0.385
-0.385
-0.385
-0.385
-0.395
-0.401667
-0.403333
-0.4
-0.383333
-0.375
-0.375
-0.39
-0.393333
-0.401667
-0.415
-0.408333
-0.4025
-0.396667
-0.39
-0.4
-0.411667
-0.425
-0.448333
-0.4675
-0.485
-0.505
-0.508333
-0.515
-0.525
-0.54
-0.58
-0.615
-0.645
-0.635
-0.611667
-0.575
-0.495
-0.421667
-0.346667
-0.27
-0.166667
-0.0125
0.183333
0.37
0.546667
0.693333
0.81
0.843333
0.815
0.671667
0.475
0.201667
-0.0583333
-0.305
-0.5
-0.513333
-0.505
-0.475
-0.431667
-0.403333
-0.39
-0.39
-0.396667
-0.403333
-0.41
-0.406667
-0.395
-0.386667
-0.39
-0.393333
-0.398333
-0.405
-0.408333
-0.4075
-0.403333
-0.4
-0.393333
-0.391667
-0.395
-0.41
-0.413333
-0.413333
-0.41
-0.4
-0.398333
-0.405
-0.41
-0.406667
-0.405
-0.405
-0.408333
-0.4
-0.388333
-0.385
-0.388333
-0.391667
-0.395
-0.398333
-0.4
-0.4
-0.4
-0.396667
-0.395
-0.395
-0.405
-0.405
-0.403333
-0.4
-0.396667
-0.391667
-0.385
-0.375
-0.381667
-0.388333
-0.395
-0.391667
-0.3875
-0.381667
-0.375
-0.381667
-0.388333
-0.395
-0.395
-0.39
-0.381667
-0.375
-0.375
-0.378333
-0.385
-0.395
-0.391667
-0.39
-0.39
-0.373333
-0.368333
-0.375
-0.385
-0.391667
-0.39
-0.38
-0.383333
-0.38
-0.376667
-0.38
-0.386667
-0.386667
-0.38
-0.376667
-0.375
-0.375
-0.375
-0.375
-0.376667
-0.38
-0.39
-0.39
-0.381667
-0.365
-0.368333
-0.371667
-0.375
-0.385
-0.388333
-0.39
-0.39
-0.38
-0.37
-0.371667
-0.385
-0.381667
-0.383333
-0.39
-0.38
-0.375
-0.371667
-0.365
-0.368333
-0.375
-0.385
-0.395
-0.388333
-0.385
-0.385
-0.375
-0.368333
-0.365
-0.37
-0.373333
-0.366667
-0.35
-0.34
-0.3275
-0.318333
-0.315
-0.318333
-0.321667
-0.325
-0.318333
-0.305
-0.291667
-0.285
-0.295
-0.298333
-0.295
-0.285
-0.285
-0.283333
-0.28
-0.273333
-0.273333
-0.28
-0.29
-0.293333
-0.295
-0.295
-0.291667
-0.285
-0.283333
-0.29
-0.293333
-0.3
-0.31
-0.3
-0.29
-0.283333
-0.28
-0.276667
-0.281667
-0.295
-0.305
-0.301667
-0.298333
-0.295
-0.295
-0.291667
-0.285
-0.3
-0.303333
-0.303333
-0.3
-0.296667
-0.2975
-0.301667
-0.305
-0.311667
-0.313333
-0.31
-0.313333
-0.305
-0.296667
-0.3
-0.306667
-0.316667
-0.33
-0.34
-0.333333
-0.326667
-0.32
-0.32
-0.318333
-0.315
-0.325
-0.331667
-0.333333
-0.33
-0.32
-0.3175
-0.32
-0.32
-0.326667
-0.335
-0.345
-0.341667
-0.3375
-0.333333
-0.33
-0.333333
-0.338333
-0.345
-0.35
-0.346667
-0.343333
-0.34
-0.336667
-0.335
-0.335
-0.33
-0.333333
-0.336667
-0.34
-0.336667
-0.3275
-0.326667
-0.34
-0.34
-0.343333
-0.35
-0.36
-0.3625
-0.355
-0.345
-0.345
-0.346667
-0.35
-0.35
-0.35
-0.346667
-0.34
-0.34
-0.341667
-0.345
-0.345
-0.368333
-0.373333
-0.36
-0.36
-0.3525
-0.345
-0.345
-0.348333
-0.351667
-0.355
-0.348333
-0.3375
-0.33
-0.33
-0.333333
-0.335
-0.335
-0.34
-0.333333
-0.326667
-0.32
-0.3
-0.29
-0.29
-0.3
-0.303333
-0.298333
-0.285
-0.281667
-0.2775
-0.276667
-0.28
-0.276667
-0.273333
-0.27
-0.266667
-0.2575
-0.243333
-0.23
-0.24
-0.243333
-0.24
-0.255
-0.255
-0.251667
-0.245
-0.238333
-0.241667
-0.255
-0.265
-0.261667
-0.258333
-0.255
-0.265
-0.2675
-0.27
-0.28
-0.263333
-0.253333
-0.25
-0.246667
-0.255
-0.27
-0.28
-0.293333
-0.305
-0.315
-0.325
-0.331667
-0.338333
-0.345
-0.335
-0.331667
-0.335
-0.345
-0.355
-0.356667
-0.35
-0.343333
-0.3375
-0.338333
-0.345
-0.355
-0.361667
-0.365
-0.371667
-0.3725
-0.368333
-0.365
-0.365
-0.37
-0.38
-0.375
-0.375
-0.371667
-0.365
-0.368333
-0.366667
-0.36
-0.37
-0.376667
-0.375
-0.365
-0.361667
-0.355
-0.351667
-0.355
-0.365
-0.375
-0.385
-0.391667
-0.4125
-0.435
-0.445
-0.471667
-0.495
-0.515
-0.565
-0.558333
-0.528333
-0.475
-0.395
-0.31
-0.22
-0.055
0.105
0.281667
0.475
0.628333
0.7625
0.806667
0.78
0.616667
0.405
0.145
-0.085
-0.31
-0.446667
-0.5
-0.486667
-0.47
-0.45
-0.41
-0.403333
-0.396667
-0.39
-0.39
-0.393333
-0.4
-0.405
-0.418333
-0.425
-0.425
-0.411667
-0.4
-0.398333
-0.405
-0.405
-0.408333
-0.415
-0.408333
-0.395
-0.386667
-0.39
-0.393333
-0.395
-0.395
-0.395
-0.395
-0.391667
-0.385
-0.388333
-0.39
-0.39
-0.4
-0.416667
-0.42
-0.41
-0.403333
-0.3975
-0.396667
-0.4
-0.403333
-0.411667
-0.425
-0.418333
-0.41
-0.405
-0.405
-0.405
-0.406667
-0.41
-0.415
-0.408333
-0.41
-0.42
-0.41
-0.406667
-0.41
-0.41
-0.416667
-0.418333
-0.415
-0.408333
-0.4
-0.395
-0.395
-0.395
-0.396667
-0.4
-0.396667
-0.395
-0.398333
-0.405
-0.405
-0.41
-0.42
-0.435
-0.421667
-0.411667
-0.405
-0.398333
-0.393333
-0.39
-0.415
-0.408333
-0.405
-0.405
-0.401667
-0.3975
-0.395
-0.395
-0.401667
-0.41
-0.42
-0.416667
-0.4075
-0.398333
-0.395
-0.398333
-0.401667
-0.405
-0.425
-0.425
-0.425
-0.425
-0.421667
-0.421667
-0.425
-0.45
-0.446667
-0.446667
-0.45
-0.44
-0.44
-0.453333
-0.47
-0.46
-0.456667
-0.46
-0.446667
-0.4375
-0.431667
-0.425
-0.428333
-0.435
-0.445
-0.45
-0.446667
-0.44
-0.43
-0.423333
-0.416667
-0.41
-0.425
-0.421667
-0.415
-0.405
-0.388333
-0.375
-0.368333
-0.365
-0.365
-0.365
-0.365
-0.351667
-0.3375
-0.325
-0.315
-0.308333
-0.305
-0.305
-0.32
-0.313333
-0.31
-0.31
-0.306667
-0.306667
-0.31
-0.315
-0.318333
-0.318333
-0.315
-0.308333
-0.305
-0.301667
-0.295
-0.305
-0.313333
-0.32
-0.313333
-0.3125
-0.308333
-0.295
-0.298333
-0.301667
-0.305
-0.3
-0.29
-0.283333
-0.28
-0.286667
-0.291667
-0.295
-0.305
-0.318333
-0.318333
-0.305
-0.301667
-0.3
-0.305
-0.315
-0.321667
-0.328333
-0.335
-0.328333
-0.32
-0.316667
-0.32
-0.33
-0.333333
-0.33
-0.34
-0.33
-0.325
-0.325
-0.321667
-0.318333
-0.315
-0.335
-0.335
-0.338333
-0.345
-0.338333
-0.33
-0.326667
-0.33
-0.32
-0.321667
-0.335
-0.331667
-0.33
-0.33
-0.33
-0.33
-0.331667
-0.335
-0.34
-0.333333
-0.326667
-0.32
-0.316667
-0.318333
-0.325
-0.335
-0.348333
-0.351667
-0.345
-0.341667
-0.3375
-0.33
-0.32
-0.323333
-0.333333
-0.35
-0.336667
-0.3225
-0.315
-0.315
-0.325
-0.33
-0.33
-0.335
-0.335
-0.333333
-0.33
-0.33
-0.33
-0.33
-0.34
-0.34
-0.34
-0.34
-0.33
-0.325
-0.325
-0.325
-0.338333
-0.346667
-0.35
-0.343333
-0.335
-0.326667
-0.32
-0.313333
-0.308333
-0.305
-0.305
-0.285
-0.273333
-0.27
-0.26
-0.256667
-0.26
-0.265
-0.261667
-0.256667
-0.25
-0.24
-0.235
-0.23
-0.22
-0.23
-0.235
-0.235
-0.225
-0.225
-0.228333
-0.225
-0.231667
-0.238333
-0.245
-0.255
-0.245
-0.236667
-0.23
-0.23
-0.236667
-0.25
-0.255
-0.251667
-0.243333
-0.23
-0.213333
-0.2
-0.2
-0.21
-0.223333
-0.243333
-0.27
-0.27
-0.2775
-0.285
-0.285
-0.301667
-0.316667
-0.33
-0.34
-0.34
-0.341667
-0.345
-0.348333
-0.35
-0.35
-0.34
-0.35
-0.351667
-0.345
-0.341667
-0.34
-0.341667
-0.345
-0.351667
-0.36
-0.37
-0.36
-0.3625
-0.361667
-0.345
-0.341667
-0.346667
-0.36
-0.38
-0.366667
-0.355
-0.345
-0.348333
-0.35
-0.35
-0.355
-0.371667
-0.383333
-0.39
-0.393333
-0.41
-0.435
-0.455
-0.468333
-0.486667
-0.51
-0.533333
-0.5425
-0.525
-0.495
-0.435
-0.368333
-0.295
-0.16
-0.0266667
0.131667
0.315
0.501667
0.663333
0.8
0.885
0.825
0.703333
0.52
0.26
-0.0425
-0.285
-0.425
-0.475
-0.496667
-0.49
-0.463333
-0.425
-0.396667
-0.39
-0.393333
-0.395
-0.395
-0.4
-0.393333
-0.386667
-0.38
-0.383333
-0.385
-0.385
-0.4
-0.406667
-0.41
-0.41
-0.396667
-0.39
-0.395
-0.405
-0.405
-0.408333
-0.415
-0.411667
-0.4025
-0.395
-0.395
-0.398333
-0.405
-0.415
-0.415
-0.415
-0.41
-0.4
-0.393333
-0.39
-0.39
-0.41
-0.413333
-0.411667
-0.405
-0.398333
-0.395
-0.395
-0.395
-0.401667
-0.406667
-0.41
-0.41
-0.405
-0.396667
-0.39
-0.393333
-0.4
-0.41
-0.425
-0.418333
-0.411667
-0.405
-0.408333
-0.408333
-0.405
-0.415
-0.421667
-0.425
-0.425
-0.415
-0.4025
-0.393333
-0.39
-0.396667
-0.403333
-0.41
-0.41
-0.405
-0.396667
-0.39
-0.403333
-0.413333
-0.42
-0.42
-0.416667
-0.415
-0.415
-0.408333
-0.41
-0.42
-0.415
-0.421667
-0.42
-0.41
-0.403333
-0.4025
-0.403333
-0.4
-0.4
-0.403333
-0.41
-0.403333
-0.3975
-0.395
-0.395
-0.401667
-0.406667
-0.41
-0.425
-0.425
-0.42
-0.41
-0.41
-0.413333
-0.42
-0.43
-0.44
-0.443333
-0.44
-0.436667
-0.4325
-0.43
-0.43
-0.443333
-0.448333
-0.445
-0.445
-0.44
-0.435
-0.435
-0.441667
-0.443333
-0.44
-0.45
-0.436667
-0.43
-0.43
-0.42
-0.41
-0.4
-0.4
-0.39
-0.378333
-0.365
-0.345
-0.3325
-0.328333
-0.325
-0.328333
-0.33
-0.33
-0.316667
-0.3025
-0.291667
-0.285
-0.288333
-0.29
-0.29
-0.31
-0.3
-0.291667
-0.285
-0.281667
-0.286667
-0.3
-0.29
-0.293333
-0.293333
-0.29
-0.283333
-0.2775
-0.275
-0.275
-0.285
-0.29
-0.29
-0.286667
-0.2775
-0.27
-0.27
-0.27
-0.271667
-0.275
-0.29
-0.286667
-0.281667
-0.275
-0.275
-0.28
-0.29
-0.295
-0.301667
-0.301667
-0.295
-0.295
-0.29
-0.286667
-0.29
-0.296667
-0.301667
-0.305
-0.308333
-0.3025
-0.296667
-0.3
-0.303333
-0.306667
-0.31
-0.325
-0.325
-0.321667
-0.315
-0.311667
-0.311667
-0.315
-0.315
-0.321667
-0.323333
-0.32
-0.313333
-0.315
-0.318333
-0.315
-0.325
-0.33
-0.33
-0.323333
-0.315
-0.31
-0.31
-0.31
-0.316667
-0.33
-0.335
-0.331667
-0.326667
-0.32
-0.323333
-0.325
-0.325
-0.33
-0.333333
-0.333333
-0.33
-0.326667
-0.325
-0.323333
-0.32
-0.323333
-0.326667
-0.33
-0.326667
-0.32
-0.311667
-0.305
-0.318333
-0.321667
-0.315
-0.335
-0.331667
-0.323333
-0.31
-0.316667
-0.323333
-0.33
-0.33
-0.333333
-0.333333
-0.33
-0.33
-0.325
-0.32
-0.32
-0.326667
-0.33
-0.33
-0.326667
-0.32
-0.315
-0.315
-0.315
-0.32
-0.33
-0.33
-0.323333
-0.318333
-0.315
-0.308333
-0.305
-0.305
-0.295
-0.308333
-0.31
-0.3
-0.283333
-0.265
-0.255
-0.255
-0.258333
-0.261667
-0.265
-0.258333
-0.245
-0.233333
-0.23
-0.226667
-0.223333
-0.22
-0.22
-0.216667
-0.21
-0.2
-0.203333
-0.205
-0.205
-0.225
-0.231667
-0.236667
-0.24
-0.233333
-0.2225
-0.223333
-0.24
-0.24
-0.243333
-0.25
-0.24
-0.2225
-0.206667
-0.2
-0.213333
-0.231667
-0.255
-0.275
-0.281667
-0.29
-0.3
-0.303333
-0.31
-0.32
-0.33
-0.326667
-0.323333
-0.32
-0.326667
-0.33
-0.331667
-0.335
-0.338333
-0.341667
-0.345
-0.341667
-0.3375
-0.33
-0.32
-0.323333
-0.328333
-0.335
-0.345
-0.345
-0.345
-0.345
-0.338333
-0.336667
-0.34
-0.345
-0.351667
-0.35
-0.34
-0.34
-0.34
-0.34
-0.34
-0.343333
-0.348333
-0.355
-0.361667
-0.3675
-0.381667
-0.405
-0.431667
-0.456667
-0.48
-0.495
-0.511667
-0.525
-0.535
-0.515
-0.475
-0.415
-0.28
-0.183333
-0.0683333
0.065
0.221667
0.44
0.656667
0.81
0.9
0.936667
0.92
0.823333
0.61
0.303333
0.02
-0.19
-0.345
-0.445
-0.47
-0.44
-0.41
-0.38
-0.366667
-0.36
-0.36
-0.37
-0.376667
-0.38
-0.38
-0.376667
-0.3725
-0.368333
-0.365
-0.368333
-0.375
-0.385
-0.385
-0.38
-0.373333
-0.37
-0.37
-0.375
-0.385
-0.395
-0.388333
-0.385
-0.385
-0.388333
-0.388333
-0.385
-0.395
-0.405
-0.406667
-0.4
-0.396667
-0.3875
-0.385
-0.395
-0.395
-0.396667
-0.4
-0.4
-0.3975
-0.393333
-0.39
-0.39
-0.391667
-0.395
-0.405
-0.395
-0.388333
-0.385
-0.378333
-0.375
-0.375
-0.38
-0.386667
-0.388333
-0.385
-0.375
-0.37
-0.37
-0.37
-0.373333
-0.378333
-0.385
-0.375
-0.38
-0.385
-0.375
-0.371667
-0.373333
-0.38
-0.39
-0.39
-0.388333
-0.385
-0.378333
-0.375
-0.375
-0.385
-0.391667
-0.393333
-0.39
-0.386667
-0.38
-0.376667
-0.38
-0.383333
-0.386667
-0.39
-0.383333
-0.38
-0.376667
-0.37
-0.37
-0.368333
-0.365
-0.39
-0.373333
-0.365
-0.365
-0.361667
-0.365
-0.375
-0.38
-0.393333
-0.396667
-0.39
-0.38
-0.375
-0.373333
-0.37
-0.38
-0.386667
-0.39
-0.39
-0.39
-0.39
-0.39
-0.38
-0.378333
-0.385
-0.395
-0.385
-0.376667
-0.37
-0.373333
-0.375
-0.375
-0.39
-0.4
-0.395
-0.375
-0.371667
-0.365
-0.365
-0.375
-0.381667
-0.383333
-0.38
-0.373333
-0.365
-0.355
-0.345
-0.345
-0.34
-0.33
-0.33
-0.32
-0.313333
-0.31
-0.3
-0.291667
-0.285
-0.285
-0.291667
-0.29
-0.28
-0.273333
-0.275
-0.28
-0.28
-0.28
-0.283333
-0.29
-0.29
-0.285
-0.278333
-0.275
-0.278333
-0.281667
-0.285
-0.29
-0.29
-0.286667
-0.28
-0.28
-0.281667
-0.285
-0.29
-0.296667
-0.298333
-0.295
-0.288333
-0.2825
-0.281667
-0.285
-0.285
-0.288333
-0.295
-0.288333
-0.2825
-0.278333
-0.275
-0.278333
-0.283333
-0.29
-0.31
-0.306667
-0.298333
-0.285
-0.275
-0.27
-0.27
-0.275
-0.281667
-0.285
-0.285
-0.275
-0.2675
-0.265
-0.265
-0.265
-0.27
-0.28
-0.27
-0.255
-0.241667
-0.235
-0.235
-0.24
-0.25
-0.25
-0.246667
-0.235
-0.215
-0.218333
-0.228333
-0.245
-0.255
-0.238333
-0.221667
-0.205
-0.208333
-0.215
-0.223333
-0.23
-0.236667
-0.24
-0.24
-0.243333
-0.2475
-0.256667
-0.27
-0.28
-0.295
-0.315
-0.32
-0.32
-0.316667
-0.31
-0.323333
-0.333333
-0.34
-0.345
-0.355
-0.361667
-0.365
-0.361667
-0.355
-0.351667
-0.355
-0.368333
-0.378333
-0.385
-0.378333
-0.3725
-0.368333
-0.365
-0.365
-0.366667
-0.37
-0.38
-0.366667
-0.356667
-0.35
-0.353333
-0.355
-0.355
-0.35
-0.36
-0.36
-0.35
-0.35
-0.345
-0.345
-0.355
-0.351667
-0.358333
-0.375
-0.368333
-0.37
-0.383333
-0.4
-0.42
-0.445
-0.475
-0.52
-0.52
-0.53
-0.55
-0.563333
-0.56
-0.54
-0.445
-0.351667
-0.25
-0.14
-0.03
0.1425
0.343333
0.51
0.66
0.771667
0.845
0.865
0.805
0.623333
0.4
0.116667
-0.128333
-0.335
-0.48
-0.473333
-0.451667
-0.415
-0.388333
-0.371667
-0.365
-0.385
-0.395
-0.393333
-0.38
-0.386667
-0.3825
-0.378333
-0.385
-0.391667
-0.398333
-0.405
-0.395
-0.385
-0.381667
-0.385
-0.385
-0.388333
-0.395
-0.4
-0.403333
-0.403333
-0.4
-0.393333
-0.39
-0.39
-0.395
-0.398333
-0.396667
-0.39
-0.386667
-0.3875
-0.388333
-0.385
-0.401667
-0.413333
-0.42
-0.41
-0.4075
-0.403333
-0.39
-0.39
-0.39
-0.39
-0.4
-0.4
-0.396667
-0.39
-0.38
-0.376667
-0.38
-0.395
-0.398333
-0.396667
-0.39
-0.396667
-0.395
-0.391667
-0.395
-0.405
-0.411667
-0.415
-0.408333
-0.395
-0.385
-0.385
-0.381667
-0.386667
-0.4
-0.4
-0.396667
-0.393333
-0.39
-0.383333
-0.378333
-0.375
-0.395
-0.395
-0.391667
-0.385
-0.381667
-0.3775
-0.378333
-0.385
-0.388333
-0.393333
-0.4
-0.4
-0.3925
-0.383333
-0.38
-0.39
-0.393333
-0.39
-0.4
-0.396667
-0.391667
-0.385
-0.381667
-0.381667
-0.385
-0.395
-0.401667
-0.403333
-0.4
-0.393333
-0.385
-0.38
-0.38
-0.383333
-0.391667
-0.405
-0.398333
-0.3975
-0.396667
-0.39
-0.396667
-0.401667
-0.405
-0.425
-0.421667
-0.415
-0.405
-0.401667
-0.401667
-0.405
-0.405
-0.411667
-0.41
-0.4
-0.393333
-0.385
-0.381667
-0.385
-0.391667
-0.398333
-0.405
-0.395
-0.38
-0.37
-0.37
-0.37
-0.375
-0.385
-0.37
-0.36
-0.351667
-0.345
-0.341667
-0.338333
-0.335
-0.34
-0.35
-0.348333
-0.335
-0.328333
-0.3175
-0.308333
-0.305
-0.305
-0.31
-0.32
-0.316667
-0.3125
-0.308333
-0.305
-0.305
-0.313333
-0.33
-0.325
-0.338333
-0.338333
-0.325
-0.318333
-0.315
-0.315
-0.305
-0.308333
-0.31
-0.31
-0.303333
-0.3025
-0.305
-0.305
-0.311667
-0.316667
-0.32
-0.323333
-0.32
-0.311667
-0.305
-0.311667
-0.318333
-0.325
-0.325
-0.328333
-0.325
-0.315
-0.315
-0.313333
-0.31
-0.33
-0.336667
-0.338333
-0.335
-0.331667
-0.3375
-0.348333
-0.355
-0.361667
-0.366667
-0.37
-0.353333
-0.3425
-0.34
-0.34
-0.343333
-0.35
-0.36
-0.365
-0.361667
-0.36
-0.36
-0.35
-0.348333
-0.355
-0.365
-0.355
-0.353333
-0.36
-0.353333
-0.345
-0.341667
-0.345
-0.351667
-0.36
-0.37
-0.356667
-0.35
-0.35
-0.35
-0.346667
-0.346667
-0.35
-0.355
-0.358333
-0.355
-0.345
-0.351667
-0.353333
-0.35
-0.36
-0.366667
-0.365
-0.355
-0.355
-0.3525
-0.351667
-0.355
-0.358333
-0.37
-0.39
-0.386667
-0.3725
-0.36
-0.36
-0.366667
-0.37
-0.37
-0.39
-0.38
-0.373333
-0.37
-0.356667
-0.346667
-0.34
-0.345
-0.355
-0.36
-0.36
-0.353333
-0.35
-0.345
-0.335
-0.351667
-0.361667
-0.365
-0.365
-0.3625
-0.36
-0.36
-0.363333
-0.368333
-0.375
-0.385
-0.385
-0.378333
-0.365
-0.368333
-0.371667
-0.375
-0.37
-0.373333
-0.371667
-0.365
-0.358333
-0.355
-0.356667
-0.36
-0.363333
-0.366667
-0.37
-0.363333
-0.355
-0.346667
-0.34
-0.343333
-0.343333
-0.34
-0.35
-0.346667
-0.346667
-0.35
-0.356667
-0.356667
-0.35
-0.36
-0.366667
-0.366667
-0.36
-0.36
-0.3575
-0.356667
-0.36
-0.37
-0.375
-0.375
-0.371667
-0.36
-0.351667
-0.355
-0.358333
-0.361667
-0.365
-0.375
-0.371667
-0.368333
-0.365
-0.361667
-0.358333
-0.355
-0.36
-0.36
-0.356667
-0.35
-0.343333
-0.3425
-0.345
-0.345
-0.351667
-0.356667
-0.36
-0.36
-0.3625
-0.358333
-0.345
-0.351667
-0.353333
-0.35
-0.36
-0.356667
-0.356667
-0.36
-0.35
-0.341667
-0.335
-0.33
-0.33
-0.323333
-0.31
-0.306667
-0.3025
-0.301667
-0.305
-0.298333
-0.298333
-0.305
-0.291667
-0.28
-0.271667
-0.265
-0.258333
-0.255
-0.255
-0.26
-0.263333
-0.261667
-0.255
-0.255
-0.256667
-0.26
-0.28
-0.286667
-0.286667
-0.28
-0.273333
-0.2625
-0.261667
-0.275
-0.285
-0.3
-0.32
-0.306667
-0.2975
-0.286667
-0.27
-0.266667
-0.266667
-0.27
-0.285
-0.295
-0.303333
-0.31
-0.313333
-0.316667
-0.32
-0.35
-0.363333
-0.368333
-0.365
-0.365
-0.365
-0.366667
-0.37
-0.37
-0.37
-0.37
-0.376667
-0.37
-0.365
-0.375
-0.375
-0.383333
-0.4
-0.42
-0.41
-0.403333
-0.4
-0.39
-0.383333
-0.38
-0.4
-0.41
-0.411667
-0.405
-0.398333
-0.395
-0.395
-0.395
-0.405
-0.416667
-0.43
-0.436667
-0.4475
-0.466667
-0.49
-0.486667
-0.496667
-0.52
-0.57
-0.573333
-0.558333
-0.525
-0.455
-0.381667
-0.305
-0.19
-0.0766667
0.06
0.22
0.396667
0.6
0.758333
0.845
0.871667
0.853333
0.79
0.636667
0.3925
0.126667
-0.07
-0.213333
-0.331667
-0.425
-0.5
-0.533333
-0.545
-0.535
-0.511667
-0.488333
-0.465
-0.45
-0.45
-0.445
-0.435
-0.425
-0.415
-0.41
-0.41
-0.413333
-0.416667
-0.42
-0.423333
-0.4225
-0.423333
-0.43
-0.43
-0.433333
-0.44
-0.45
-0.45
-0.443333
-0.43
-0.43
-0.43
-0.43
-0.445
-0.445
-0.443333
-0.44
-0.43
-0.4275
-0.43
-0.43
-0.426667
-0.431667
-0.445
-0.445
-0.4375
-0.431667
-0.435
-0.435
-0.438333
-0.445
-0.445
-0.438333
-0.433333
-0.43
-0.426667
-0.426667
-0.43
-0.43
-0.436667
-0.433333
-0.42
-0.426667
-0.4275
-0.426667
-0.43
-0.436667
-0.44
-0.44
-0.433333
-0.43
-0.425
-0.415
-0.421667
-0.426667
-0.43
-0.455
-0.448333
-0.445
-0.445
-0.435
-0.43
-0.43
-0.44
-0.44
-0.438333
-0.435
-0.431667
-0.4225
-0.415
-0.415
-0.421667
-0.425
-0.425
-0.421667
-0.4125
-0.405
-0.405
-0.411667
-0.415
-0.415
-0.425
-0.428333
-0.421667
-0.405
-0.405
-0.405
-0.405
-0.405
-0.421667
-0.425
-0.415
-0.411667
-0.4125
-0.42
-0.43
-0.44
-0.451667
-0.465
-0.461667
-0.455
-0.451667
-0.455
-0.458333
-0.461667
-0.465
-0.485
-0.491667
-0.488333
-0.475
-0.485
-0.493333
-0.5
-0.495
-0.508333
-0.51
-0.5
-0.49
-0.4875
-0.488333
-0.485
-0.495
-0.5
-0.5
-0.493333
-0.485
-0.473333
-0.46
-0.46
-0.463333
-0.47
-0.465
-0.448333
-0.436667
-0.43
-0.426667
-0.42
-0.41
-0.41
-0.403333
-0.396667
-0.39
-0.383333
-0.3675
-0.353333
-0.35
-0.353333
-0.353333
-0.35
-0.343333
-0.335
-0.328333
-0.325
-0.311667
-0.31
-0.32
-0.315
-0.308333
-0.303333
-0.3
-0.303333
-0.305
-0.305
-0.31
-0.323333
-0.323333
-0.31
-0.313333
-0.315
-0.316667
-0.32
-0.323333
-0.325
-0.325
-0.325
-0.3175
-0.31
-0.31
-0.313333
-0.318333
-0.325
-0.33
-0.326667
-0.325
-0.325
-0.318333
-0.316667
-0.32
-0.33
-0.333333
-0.333333
-0.33
-0.32
-0.3175
-0.32
-0.32
-0.33
-0.335
-0.335
-0.328333
-0.325
-0.323333
-0.32
-0.32
-0.321667
-0.325
-0.35
-0.346667
-0.345
-0.345
-0.338333
-0.338333
-0.345
-0.355
-0.355
-0.355
-0.355
-0.348333
-0.34
-0.335
-0.335
-0.341667
-0.348333
-0.355
-0.345
-0.3375
-0.333333
-0.33
-0.333333
-0.338333
-0.345
-0.35
-0.35
-0.346667
-0.34
-0.336667
-0.333333
-0.33
-0.36
-0.356667
-0.351667
-0.345
-0.338333
-0.34
-0.346667
-0.35
-0.356667
-0.366667
-0.38
-0.373333
-0.3575
-0.345
-0.345
-0.348333
-0.351667
-0.355
-0.365
-0.361667
-0.355
-0.345
-0.345
-0.346667
-0.35
-0.36
-0.36
-0.356667
-0.35
-0.353333
-0.3475
-0.341667
-0.345
-0.351667
-0.355
-0.355
-0.355
-0.3475
-0.34
-0.34
-0.343333
-0.351667
-0.365
-0.37
-0.356667
-0.343333
-0.33
-0.323333
-0.318333
-0.315
-0.295
-0.301667
-0.301667
-0.295
-0.298333
-0.2925
-0.281667
-0.275
-0.265
-0.265
-0.275
-0.268333
-0.2625
-0.256667
-0.25
-0.246667
-0.248333
-0.255
-0.265
-0.261667
-0.26
-0.26
-0.253333
-0.253333
-0.26
-0.28
-0.28
-0.278333
-0.275
-0.281667
-0.2825
-0.271667
-0.255
-0.248333
-0.245
-0.245
-0.255
-0.2725
-0.286667
-0.29
-0.296667
-0.306667
-0.32
-0.335
-0.348333
-0.353333
-0.35
-0.353333
-0.355
-0.355
-0.375
-0.381667
-0.383333
-0.38
-0.366667
-0.355
-0.353333
-0.36
-0.363333
-0.366667
-0.37
-0.37
-0.3675
-0.363333
-0.36
-0.363333
-0.366667
-0.37
-0.385
-0.385
-0.378333
-0.365
-0.361667
-0.366667
-0.38
-0.385
-0.391667
-0.395
-0.395
-0.388333
-0.3825
-0.385
-0.395
-0.415
-0.438333
-0.465
-0.488333
-0.5075
-0.52
-0.53
-0.55
-0.568333
-0.585
-0.53
-0.45
-0.358333
-0.255
-0.155
-0.035
0.105
0.355
0.518333
0.67
0.81
0.863333
0.86
0.746667
0.58
0.316667
0.055
-0.205
-0.368333
-0.4875
-0.515
-0.495
-0.475
-0.455
-0.435
-0.415
-0.415
-0.415
-0.415
-0.405
-0.398333
-0.395
-0.405
-0.418333
-0.428333
-0.435
-0.421667
-0.415
-0.415
-0.415
-0.415
-0.42
-0.43
-0.423333
-0.415
-0.408333
-0.405
-0.415
-0.416667
-0.41
-0.42
-0.406667
-0.398333
-0.395
-0.388333
-0.39
-0.4
-0.4
-0.4
-0.4
-0.4
-0.396667
-0.3975
-0.4
-0.4
-0.4
-0.403333
-0.41
-0.4
-0.4025
-0.406667
-0.4
-0.396667
-0.398333
-0.405
-0.41
-0.413333
-0.411667
-0.405
-0.401667
-0.398333
-0.395
-0.405
-0.411667
-0.411667
-0.405
-0.411667
-0.4125
-0.408333
-0.405
-0.405
-0.406667
-0.41
-0.406667
-0.4025
-0.398333
-0.395
-0.401667
-0.405
-0.405
-0.4
-0.396667
-0.393333
-0.39
-0.393333
-0.393333
-0.39
-0.395
-0.411667
-0.418333
-0.415
-0.408333
-0.4025
-0.4
-0.4
-0.41
-0.416667
-0.42
-0.413333
-0.4025
-0.396667
-0.4
-0.403333
-0.408333
-0.415
-0.435
-0.421667
-0.415
-0.415
-0.405
-0.401667
-0.405
-0.42
-0.426667
-0.428333
-0.425
-0.415
-0.41
-0.408333
-0.405
-0.411667
-0.418333
-0.425
-0.425
-0.4225
-0.416667
-0.41
-0.41
-0.413333
-0.42
-0.43
-0.426667
-0.423333
-0.42
-0.41
-0.408333
-0.415
-0.41
-0.41
-0.401667
-0.385
-0.375
-0.365
-0.356667
-0.35
-0.35
-0.35
-0.35
-0.34
-0.3275
-0.315
-0.305
-0.311667
-0.315
-0.315
-0.32
-0.31
-0.305
-0.305
-0.298333
-0.293333
-0.29
-0.295
-0.295
-0.291667
-0.285
-0.285
-0.2775
-0.273333
-0.28
-0.28
-0.285
-0.295
-0.285
-0.2825
-0.281667
-0.275
-0.281667
-0.288333
-0.295
-0.305
-0.298333
-0.291667
-0.285
-0.285
-0.286667
-0.29
-0.3
-0.306667
-0.305
-0.295
-0.298333
-0.295
-0.288333
-0.285
-0.298333
-0.306667
-0.31
-0.303333
-0.2975
-0.298333
-0.305
-0.301667
-0.301667
-0.305
-0.32
-0.32
-0.316667
-0.31
-0.303333
-0.303333
-0.31
-0.32
-0.333333
-0.336667
-0.33
-0.316667
-0.3125
-0.318333
-0.325
-0.325
-0.331667
-0.345
-0.335
-0.325
-0.32
-0.32
-0.33
-0.335
-0.335
-0.355
-0.345
-0.333333
